107 9 1
1.520990 13.690000 3.590000 1.120000 71.960000 0.090000 9.400000 0.000000 0.000000 1
1.518320 13.330000 3.340000 1.540000 72.140000 0.560000 8.990000 0.000000 0.000000 3
1.521520 13.050000 3.650000 0.870000 72.320000 0.190000 9.850000 0.000000 0.170000 1
1.517430 13.300000 3.600000 1.140000 73.090000 0.580000 8.170000 0.000000 0.000000 1
1.521770 13.750000 1.010000 1.360000 72.190000 0.330000 11.140000 0.000000 0.000000 2
1.516890 12.670000 2.880000 1.710000 73.210000 0.730000 8.540000 0.000000 0.000000 2
1.515710 12.720000 3.460000 1.560000 73.200000 0.670000 8.090000 0.000000 0.240000 1
1.515890 12.880000 3.430000 1.400000 73.280000 0.690000 8.050000 0.000000 0.240000 1
1.516830 14.560000 0.000000 1.980000 73.290000 0.000000 8.520000 1.570000 0.070000 7
1.517780 13.210000 2.810000 1.290000 72.980000 0.510000 9.020000 0.000000 0.090000 1
1.515940 13.090000 3.520000 1.550000 72.870000 0.680000 8.050000 0.000000 0.090000 2
1.526670 13.990000 3.700000 0.710000 71.570000 0.020000 9.820000 0.000000 0.100000 1
1.518600 13.360000 3.430000 1.430000 72.260000 0.510000 8.600000 0.000000 0.000000 2
1.513210 13.000000 0.000000 3.020000 70.700000 6.210000 6.930000 0.000000 0.000000 5
1.516600 12.990000 3.180000 1.230000 72.970000 0.580000 8.810000 0.000000 0.240000 2
1.523200 13.720000 3.720000 0.510000 71.750000 0.090000 10.060000 0.000000 0.160000 1
1.516430 12.160000 3.520000 1.350000 72.890000 0.570000 8.530000 0.000000 0.000000 3
1.517070 13.480000 3.480000 1.710000 72.520000 0.620000 7.990000 0.000000 0.000000 2
1.512150 12.990000 3.470000 1.120000 72.980000 0.620000 8.350000 0.000000 0.310000 1
1.517830 12.690000 3.540000 1.340000 72.950000 0.570000 8.750000 0.000000 0.000000 1
1.516050 12.900000 3.440000 1.450000 73.060000 0.440000 8.270000 0.000000 0.000000 2
1.517550 12.710000 3.420000 1.200000 73.200000 0.590000 8.640000 0.000000 0.000000 1
1.516450 13.400000 3.490000 1.520000 72.650000 0.670000 8.080000 0.000000 0.100000 2
1.518520 14.090000 2.190000 1.660000 72.670000 0.000000 9.320000 0.000000 0.000000 6
1.517610 13.890000 3.600000 1.360000 72.730000 0.480000 7.830000 0.000000 0.000000 1
1.521520 13.120000 3.580000 0.900000 72.200000 0.230000 9.820000 0.000000 0.160000 1
1.523000 13.310000 3.580000 0.820000 71.990000 0.120000 10.170000 0.000000 0.030000 1
1.524750 11.450000 0.000000 1.880000 72.190000 0.810000 13.240000 0.000000 0.340000 2
1.515690 13.240000 3.490000 1.470000 73.250000 0.380000 8.030000 0.000000 0.000000 2
1.527250 13.800000 3.150000 0.660000 70.570000 0.080000 11.640000 0.000000 0.000000 2
1.521510 11.030000 1.710000 1.560000 73.440000 0.580000 11.620000 0.000000 0.000000 5
1.518080 13.430000 2.870000 1.190000 72.840000 0.550000 9.030000 0.000000 0.000000 1
1.521190 12.970000 0.330000 1.510000 73.390000 0.130000 11.270000 0.000000 0.280000 5
1.517930 13.210000 3.480000 1.410000 72.640000 0.590000 8.430000 0.000000 0.000000 1
1.518880 14.990000 0.780000 1.740000 72.500000 0.000000 9.950000 0.000000 0.000000 6
1.516650 13.140000 3.450000 1.760000 72.480000 0.600000 8.380000 0.000000 0.170000 3
1.516660 12.860000 0.000000 1.830000 73.880000 0.970000 10.170000 0.000000 0.000000 5
1.517190 14.750000 0.000000 2.000000 73.020000 0.000000 8.530000 1.590000 0.080000 7
1.518370 13.140000 2.840000 1.280000 72.850000 0.550000 9.070000 0.000000 0.000000 1
1.522100 13.730000 3.840000 0.720000 71.760000 0.170000 9.740000 0.000000 0.000000 1
1.516740 12.790000 3.520000 1.540000 73.360000 0.660000 7.900000 0.000000 0.000000 2
1.517540 13.480000 3.740000 1.170000 72.990000 0.590000 8.030000 0.000000 0.000000 1
1.516460 13.410000 3.550000 1.250000 72.810000 0.680000 8.100000 0.000000 0.000000 2
1.518290 14.460000 2.240000 1.620000 72.380000 0.000000 9.260000 0.000000 0.000000 6
1.516700 13.240000 3.570000 1.380000 72.700000 0.560000 8.440000 0.000000 0.100000 3
1.517760 13.530000 3.410000 1.520000 72.040000 0.580000 8.790000 0.000000 0.000000 3
1.516730 13.300000 3.640000 1.530000 72.530000 0.650000 8.030000 0.000000 0.290000 2
1.512990 14.400000 1.740000 1.540000 74.550000 0.000000 7.590000 0.000000 0.000000 6
1.518200 12.620000 2.760000 0.830000 73.810000 0.350000 9.420000 0.000000 0.200000 2
1.518460 13.410000 3.890000 1.330000 72.380000 0.510000 8.280000 0.000000 0.000000 2
1.518480 13.640000 3.870000 1.270000 71.960000 0.540000 8.320000 0.000000 0.320000 2
1.518690 13.190000 3.370000 1.180000 72.720000 0.570000 8.830000 0.000000 0.160000 1
1.518410 13.020000 3.620000 1.060000 72.340000 0.640000 9.130000 0.000000 0.150000 2
1.517550 13.000000 3.600000 1.360000 72.990000 0.570000 8.400000 0.000000 0.110000 1
1.511310 13.690000 3.200000 1.810000 72.810000 1.760000 5.430000 1.190000 0.000000 7
1.533930 12.300000 0.000000 1.000000 70.160000 0.120000 16.190000 0.000000 0.240000 2
1.516310 13.340000 3.570000 1.570000 72.870000 0.610000 7.890000 0.000000 0.000000 2
1.515670 13.290000 3.450000 1.210000 72.740000 0.560000 8.570000 0.000000 0.000000 1
1.516170 14.950000 0.000000 2.270000 73.300000 0.000000 8.710000 0.670000 0.000000 7
1.516870 13.230000 3.540000 1.480000 72.840000 0.560000 8.100000 0.000000 0.000000 2
1.520810 13.780000 2.280000 1.430000 71.990000 0.490000 9.850000 0.000000 0.170000 2
1.516130 13.920000 3.520000 1.250000 72.880000 0.370000 7.940000 0.000000 0.140000 2
1.520580 12.850000 1.610000 2.170000 72.180000 0.760000 9.700000 0.240000 0.510000 5
1.517110 12.890000 3.620000 1.570000 72.960000 0.610000 8.110000 0.000000 0.000000 2
1.519340 13.640000 3.540000 0.750000 72.650000 0.160000 8.890000 0.150000 0.240000 3
1.519770 13.810000 3.580000 1.320000 71.720000 0.120000 8.670000 0.690000 0.000000 1
1.517320 14.950000 0.000000 1.800000 72.990000 0.000000 8.610000 1.550000 0.000000 7
1.517890 13.190000 3.900000 1.300000 72.330000 0.550000 8.440000 0.000000 0.280000 2
1.521770 13.200000 3.680000 1.150000 72.750000 0.540000 8.520000 0.000000 0.000000 2
1.522230 13.210000 3.770000 0.790000 71.990000 0.130000 10.020000 0.000000 0.000000 1
1.517790 13.640000 3.650000 0.650000 73.000000 0.060000 8.930000 0.000000 0.000000 3
1.517090 13.000000 3.470000 1.790000 72.720000 0.660000 8.180000 0.000000 0.000000 2
1.517480 12.860000 3.560000 1.270000 73.210000 0.540000 8.380000 0.000000 0.170000 1
1.519160 14.150000 0.000000 2.090000 72.740000 0.000000 10.880000 0.000000 0.000000 6
1.518000 13.710000 3.930000 1.540000 71.810000 0.540000 8.210000 0.000000 0.150000 2
1.519150 12.730000 1.850000 1.860000 72.690000 0.600000 10.090000 0.000000 0.000000 5
1.515080 15.150000 0.000000 2.250000 73.500000 0.000000 8.340000 0.630000 0.000000 7
1.515450 14.140000 0.000000 2.680000 73.390000 0.080000 9.070000 0.610000 0.050000 7
1.515930 13.090000 3.590000 1.520000 73.100000 0.670000 7.830000 0.000000 0.000000 2
1.519260 13.200000 3.330000 1.280000 72.360000 0.600000 9.140000 0.000000 0.110000 1
1.517660 13.210000 3.690000 1.290000 72.610000 0.570000 8.220000 0.000000 0.000000 1
1.513160 13.020000 0.000000 3.040000 70.480000 6.210000 6.960000 0.000000 0.000000 5
1.517690 13.650000 3.660000 1.110000 72.770000 0.110000 8.600000 0.000000 0.000000 3
1.515740 14.860000 3.670000 1.740000 71.870000 0.160000 7.360000 0.000000 0.120000 2
1.521210 14.030000 3.760000 0.580000 71.790000 0.110000 9.650000 0.000000 0.000000 3
1.517270 14.700000 0.000000 2.340000 73.280000 0.000000 8.950000 0.660000 0.000000 7
1.516020 14.850000 0.000000 2.380000 73.280000 0.000000 8.760000 0.640000 0.090000 7
1.516100 13.420000 3.400000 1.220000 72.690000 0.590000 8.320000 0.000000 0.000000 3
1.515960 13.020000 3.560000 1.540000 73.110000 0.720000 7.900000 0.000000 0.000000 2
1.515960 12.790000 3.610000 1.620000 72.970000 0.640000 8.070000 0.000000 0.260000 1
1.517840 13.080000 3.490000 1.280000 72.860000 0.600000 8.490000 0.000000 0.000000 1
1.517680 12.650000 3.560000 1.300000 73.080000 0.610000 8.690000 0.000000 0.140000 1
1.517510 12.810000 3.570000 1.350000 73.020000 0.620000 8.590000 0.000000 0.000000 1
1.515900 13.020000 3.580000 1.510000 73.120000 0.690000 7.960000 0.000000 0.000000 2
1.518110 12.960000 2.960000 1.430000 72.920000 0.600000 8.790000 0.140000 0.000000 2
1.519940 13.270000 0.000000 1.760000 73.030000 0.470000 11.320000 0.000000 0.000000 5
1.518380 14.320000 3.260000 2.220000 71.250000 1.460000 5.790000 1.630000 0.000000 7
1.517210 12.870000 3.480000 1.330000 73.040000 0.560000 8.430000 0.000000 0.000000 1
1.517640 12.980000 3.540000 1.210000 73.000000 0.650000 8.530000 0.000000 0.000000 1
1.519090 13.890000 3.530000 1.320000 71.810000 0.510000 8.780000 0.110000 0.000000 1
1.516290 12.710000 3.330000 1.490000 73.280000 0.670000 8.240000 0.000000 0.000000 2
1.516670 12.940000 3.610000 1.260000 72.750000 0.560000 8.600000 0.000000 0.000000 2
1.518440 13.250000 3.760000 1.320000 72.400000 0.580000 8.420000 0.000000 0.000000 2
1.516850 14.920000 0.000000 1.990000 73.060000 0.000000 8.400000 1.590000 0.000000 7
1.516900 13.330000 3.540000 1.610000 72.540000 0.680000 8.110000 0.000000 0.000000 2
1.519370 13.790000 2.410000 1.190000 72.760000 0.000000 9.770000 0.000000 0.000000 6
1.527390 11.020000 0.000000 0.750000 73.080000 0.000000 14.960000 0.000000 0.000000 2
