495 10 1
-0.941000 0.539000 -2.020000 0.314000 -0.679000 1.897000 0.028000 1.504000 -0.632000 0.111000 1
-3.977000 2.976000 0.309000 -0.259000 0.026000 0.816000 -0.317000 0.492000 -0.674000 -0.659000 8
-4.065000 2.876000 -0.856000 -0.221000 -0.533000 0.232000 0.855000 0.633000 -1.452000 0.272000 6
-4.118000 2.542000 -0.200000 1.616000 1.106000 -0.060000 -0.728000 -0.544000 -0.912000 -0.101000 9
-2.685000 1.971000 -0.857000 0.033000 -0.638000 0.484000 0.143000 0.159000 -0.218000 -0.343000 5
-2.640000 1.322000 -0.111000 0.861000 0.026000 -0.354000 -0.425000 0.083000 -0.235000 0.781000 2
-4.893000 3.370000 -0.464000 0.538000 -0.327000 0.496000 0.270000 0.470000 0.742000 -0.141000 9
-1.596000 0.885000 -0.199000 0.199000 -0.115000 -0.474000 0.428000 -0.113000 -0.610000 0.131000 3
-4.471000 4.461000 -1.887000 -0.799000 0.719000 0.938000 0.239000 0.342000 -1.036000 -0.060000 7
-2.667000 1.132000 -1.054000 0.232000 0.537000 0.352000 0.163000 0.550000 -0.688000 -0.295000 2
-2.540000 2.925000 -0.377000 -0.745000 -0.562000 0.981000 0.303000 0.539000 0.127000 -0.959000 4
-4.754000 1.329000 1.090000 1.765000 0.217000 -0.198000 -0.782000 -0.154000 0.023000 0.850000 0
-1.891000 1.776000 -0.518000 1.461000 -1.050000 0.567000 -0.307000 1.152000 -0.239000 0.325000 5
-3.048000 2.817000 -0.703000 -0.396000 -0.639000 0.920000 0.674000 0.686000 -0.611000 -0.053000 6
-2.945000 1.724000 -0.312000 -0.239000 -0.447000 1.360000 0.014000 -0.102000 0.021000 -0.564000 10
-3.901000 2.485000 -0.950000 0.702000 -0.470000 1.146000 -0.109000 1.597000 0.146000 -1.197000 8
-2.703000 2.066000 0.205000 -0.630000 -0.345000 1.229000 0.403000 -0.032000 0.247000 -0.696000 5
-3.002000 2.944000 -1.379000 -0.188000 -0.131000 0.957000 0.346000 -0.392000 -0.711000 0.617000 4
-2.788000 3.194000 -1.142000 -0.313000 -0.580000 0.357000 0.281000 0.082000 0.109000 -0.858000 4
-3.894000 0.117000 -0.407000 1.973000 0.043000 1.891000 0.411000 -0.095000 -0.436000 -1.015000 0
-3.980000 2.459000 0.068000 0.023000 0.237000 1.029000 -0.189000 0.521000 -0.773000 -0.500000 8
-3.781000 -0.011000 0.102000 1.115000 1.036000 0.651000 0.615000 -1.082000 -1.272000 0.050000 0
-2.733000 2.026000 -0.710000 0.377000 -0.774000 0.284000 -0.469000 0.693000 0.205000 -0.740000 4
-2.904000 2.741000 -1.123000 0.014000 0.071000 0.654000 0.212000 -0.454000 -0.815000 0.752000 5
-1.926000 2.172000 -0.571000 0.257000 -0.159000 -0.493000 0.270000 -0.153000 -0.673000 -0.005000 3
-3.073000 1.532000 0.949000 1.541000 -1.058000 0.272000 -0.961000 0.449000 0.619000 0.969000 6
-4.200000 2.201000 -0.310000 -0.392000 0.968000 0.700000 -0.328000 0.129000 -0.896000 0.150000 8
-2.580000 1.608000 -0.311000 0.273000 -0.148000 0.262000 -0.062000 0.167000 0.337000 -0.692000 5
-4.083000 2.193000 -0.492000 0.695000 0.251000 0.423000 -0.558000 -0.123000 -0.530000 0.376000 8
-1.566000 0.930000 -0.181000 -0.155000 -0.164000 -0.277000 0.144000 -0.047000 -0.694000 0.282000 3
-3.660000 3.618000 -1.051000 -0.748000 0.080000 1.022000 0.914000 0.613000 0.023000 -0.448000 7
-4.341000 3.514000 -0.453000 -1.047000 -0.469000 0.510000 0.618000 0.801000 -0.399000 -0.777000 7
-2.928000 2.830000 -1.361000 0.323000 -0.739000 1.431000 0.002000 -0.172000 -0.939000 0.607000 4
-2.933000 0.717000 0.829000 1.508000 -0.517000 0.069000 -1.163000 0.021000 0.866000 1.066000 6
-3.034000 0.452000 -0.946000 0.931000 0.128000 1.514000 0.142000 0.932000 -0.104000 -0.974000 1
-4.763000 1.305000 1.231000 1.548000 0.308000 -0.152000 -0.792000 -0.124000 -0.107000 0.885000 0
-5.143000 2.051000 1.216000 1.898000 -0.555000 -0.466000 -0.842000 0.011000 0.461000 0.193000 0
-2.255000 0.902000 -1.723000 0.454000 -0.524000 1.453000 -0.614000 0.761000 -0.885000 -0.118000 2
-3.700000 1.841000 -0.675000 0.441000 -0.383000 0.890000 0.176000 0.594000 -0.677000 -0.408000 10
-3.404000 0.506000 -0.591000 1.627000 0.660000 1.456000 0.068000 0.381000 -1.494000 -0.453000 1
-3.591000 2.780000 -0.301000 0.812000 -0.008000 -0.019000 -0.268000 -0.564000 -0.788000 0.948000 10
-2.611000 0.434000 0.231000 1.343000 0.323000 -0.378000 -0.618000 -0.219000 -0.285000 0.347000 2
-2.563000 2.829000 -0.283000 -0.368000 -1.593000 0.408000 0.121000 0.933000 -0.946000 -0.356000 4
-2.710000 1.943000 -1.247000 0.772000 -0.345000 0.107000 -0.062000 0.040000 -0.322000 1.018000 3
-2.368000 1.727000 -1.556000 1.162000 -0.819000 0.941000 -0.572000 0.345000 -0.279000 -0.736000 3
-3.246000 2.796000 -0.867000 -0.205000 -0.316000 0.808000 0.824000 0.062000 -0.118000 -0.749000 6
-3.909000 3.674000 -0.648000 0.088000 -0.365000 0.199000 0.424000 0.336000 -0.012000 -0.252000 8
-4.019000 3.520000 -1.058000 -0.200000 -0.545000 1.348000 0.351000 0.820000 -0.868000 -0.434000 8
-3.091000 0.935000 -0.574000 1.360000 0.416000 0.764000 -0.480000 -0.144000 -1.295000 0.696000 2
-2.883000 3.576000 -1.198000 -0.562000 -0.162000 0.974000 0.764000 -0.030000 -1.023000 0.346000 6
-3.415000 -0.538000 0.241000 2.038000 0.622000 1.027000 -0.701000 -0.660000 -0.418000 0.781000 0
-2.823000 2.743000 -2.012000 0.234000 -0.919000 1.103000 0.091000 -0.177000 -0.143000 -0.090000 4
-3.390000 3.422000 -0.718000 -0.667000 -0.871000 0.788000 0.959000 0.555000 -0.482000 -0.724000 7
-4.170000 2.232000 -0.389000 1.211000 -1.011000 0.570000 0.543000 0.218000 1.206000 0.044000 9
-2.305000 3.625000 -1.203000 -0.665000 -0.296000 0.775000 0.197000 -0.282000 -0.842000 0.188000 4
-2.596000 1.560000 -1.249000 0.656000 -1.095000 1.292000 -0.550000 1.006000 -0.150000 -0.553000 10
-2.919000 3.480000 -0.823000 -0.751000 -0.416000 1.045000 0.609000 0.180000 -1.172000 0.123000 6
-4.602000 3.043000 -0.959000 0.828000 -0.298000 0.315000 0.423000 0.570000 0.387000 -0.617000 9
-3.763000 3.252000 -0.262000 1.520000 -1.684000 -0.225000 0.235000 0.989000 0.616000 0.046000 7
-4.067000 3.908000 -0.065000 -0.378000 -1.163000 0.065000 0.508000 1.003000 0.030000 -0.187000 7
-2.434000 2.903000 -1.341000 -0.411000 0.372000 0.843000 -0.022000 0.336000 0.123000 -0.747000 5
-3.828000 2.367000 -0.836000 -0.343000 -0.466000 0.116000 1.172000 -0.175000 -0.275000 0.117000 4
-3.265000 1.933000 -0.316000 0.602000 0.438000 0.336000 0.048000 0.134000 -0.160000 -0.991000 10
-3.775000 2.188000 -1.017000 0.687000 -0.464000 1.189000 -0.157000 1.673000 -0.024000 -1.144000 8
-1.388000 0.215000 -1.105000 -0.295000 -0.390000 1.282000 0.356000 0.816000 0.292000 -0.376000 1
-3.128000 0.280000 0.955000 1.264000 0.753000 0.437000 -0.841000 -0.517000 -0.473000 0.000000 1
-2.898000 3.393000 -0.409000 -0.993000 -0.587000 1.322000 0.240000 0.231000 -1.068000 -0.094000 6
-4.316000 1.147000 0.088000 0.593000 -0.314000 1.316000 -0.255000 0.761000 0.492000 0.133000 9
-5.158000 2.488000 1.064000 -0.343000 0.352000 0.180000 -0.050000 0.817000 -1.308000 -0.249000 9
-2.021000 2.493000 -0.416000 -0.116000 0.094000 -0.033000 -0.400000 -0.080000 -0.136000 0.069000 3
-2.559000 2.300000 0.408000 -0.001000 -1.077000 0.125000 -0.254000 0.975000 0.070000 -0.470000 4
-2.919000 0.463000 -0.716000 0.957000 0.635000 0.833000 0.501000 0.048000 -0.134000 -0.638000 1
-3.387000 3.286000 -0.747000 -0.699000 -0.900000 0.891000 0.875000 0.460000 -0.457000 -0.636000 7
-3.024000 3.260000 0.350000 -0.577000 -1.183000 0.872000 0.556000 0.762000 0.395000 -0.665000 6
-3.012000 1.628000 -0.834000 0.975000 -0.299000 0.926000 0.174000 0.836000 -0.239000 -1.144000 10
-2.600000 1.219000 -1.315000 0.589000 0.311000 0.364000 0.451000 0.350000 -0.556000 -0.314000 2
-4.136000 3.582000 -0.407000 -0.038000 -0.687000 1.031000 0.491000 0.157000 0.305000 0.028000 8
-3.173000 3.166000 -1.501000 -0.370000 -0.437000 0.974000 0.179000 0.556000 -0.794000 -0.549000 6
-2.445000 2.678000 -0.816000 -0.743000 0.076000 1.117000 -0.057000 0.018000 0.281000 -0.720000 5
-3.179000 1.346000 0.988000 1.320000 -0.852000 -0.008000 -1.234000 0.347000 1.020000 0.771000 6
-4.403000 3.602000 -0.945000 -0.934000 0.041000 0.409000 1.003000 0.470000 -0.477000 -0.621000 7
-3.065000 2.372000 -1.002000 0.496000 -1.295000 0.860000 0.327000 -0.404000 0.067000 -0.155000 5
-3.152000 3.176000 -1.573000 -0.204000 -0.485000 0.723000 0.308000 0.652000 -0.872000 -0.586000 6
-2.659000 -0.101000 -0.687000 0.697000 1.081000 1.045000 -0.149000 0.184000 -0.927000 0.327000 1
-3.811000 2.123000 0.278000 1.552000 0.754000 0.492000 -0.584000 -0.433000 -0.988000 0.652000 1
-2.155000 2.027000 -0.393000 1.354000 -1.045000 0.646000 -0.246000 1.279000 -0.396000 0.177000 5
-3.858000 0.115000 0.050000 1.170000 0.975000 0.703000 0.585000 -1.191000 -1.172000 -0.076000 0
-4.617000 3.033000 -0.909000 0.604000 -0.341000 0.636000 0.294000 0.527000 0.480000 -0.558000 9
-2.861000 2.091000 -0.411000 -0.438000 -0.643000 0.317000 0.817000 0.104000 -0.481000 -0.252000 4
-3.033000 0.700000 -1.077000 1.266000 0.196000 1.453000 0.317000 0.947000 -0.324000 -0.828000 1
-2.635000 2.147000 -1.129000 0.911000 -1.407000 1.095000 -0.071000 0.118000 0.139000 -0.685000 4
-2.976000 1.033000 -0.222000 -0.099000 0.081000 0.052000 0.479000 0.517000 -1.105000 -0.125000 10
-2.750000 1.475000 -0.848000 0.364000 -0.275000 0.020000 -0.003000 -0.782000 -0.291000 0.167000 3
-2.922000 2.621000 0.214000 0.122000 -1.477000 -0.173000 0.045000 1.380000 -0.635000 -0.757000 6
-3.030000 1.185000 0.314000 -0.121000 -0.591000 0.965000 0.353000 -0.137000 -0.221000 0.075000 10
-2.447000 1.914000 -0.208000 1.641000 -1.159000 0.104000 -0.539000 1.580000 0.058000 0.786000 6
-3.376000 3.327000 -0.797000 -0.849000 -0.681000 1.198000 0.838000 0.244000 -0.298000 -0.618000 7
-1.890000 0.207000 -1.161000 0.027000 -0.047000 1.581000 0.277000 1.129000 0.366000 -0.250000 1
-4.982000 1.538000 0.960000 1.253000 -0.640000 0.588000 -0.484000 -0.310000 -0.246000 1.180000 9
-3.644000 -0.215000 -0.579000 2.307000 0.046000 1.945000 0.280000 0.272000 -0.539000 -1.226000 0
-3.461000 0.040000 0.553000 1.854000 0.386000 0.568000 -1.003000 -0.638000 -1.040000 1.051000 0
-3.594000 -0.137000 -0.028000 1.018000 1.069000 0.723000 0.695000 -0.982000 -1.433000 0.249000 0
-3.500000 0.068000 0.533000 1.876000 0.363000 0.542000 -0.982000 -0.671000 -1.006000 1.101000 0
-4.299000 2.775000 0.244000 0.177000 -0.436000 0.261000 -0.308000 1.175000 -0.227000 -1.115000 9
-4.497000 4.500000 -1.446000 -1.127000 0.443000 0.986000 0.136000 0.597000 -1.087000 -0.073000 7
-2.489000 2.401000 -0.440000 -0.367000 -0.069000 0.533000 0.011000 0.118000 -0.621000 -0.188000 5
-1.494000 0.663000 -1.580000 1.191000 -0.252000 1.777000 -0.072000 1.189000 -0.409000 0.090000 2
-3.587000 3.128000 0.885000 -0.188000 -1.164000 -0.215000 0.051000 1.344000 -0.641000 -0.253000 6
-2.439000 0.789000 0.082000 0.242000 -0.693000 0.595000 -0.353000 0.702000 0.413000 0.098000 10
-2.634000 2.076000 -1.320000 0.833000 -0.547000 0.287000 -0.173000 -0.203000 -0.001000 0.802000 3
-3.911000 3.703000 -1.965000 0.132000 -0.209000 0.929000 0.811000 0.495000 -0.142000 -0.519000 7
-3.133000 1.983000 -1.398000 0.254000 -0.667000 0.532000 0.389000 -0.178000 -0.584000 0.844000 5
-2.696000 3.129000 -0.520000 0.294000 -0.989000 0.019000 -0.066000 1.106000 0.361000 -0.396000 4
-4.756000 0.965000 0.959000 2.287000 -0.527000 0.454000 -0.410000 -0.362000 -0.862000 1.088000 9
-2.497000 1.692000 -0.607000 0.020000 -0.710000 0.612000 0.093000 0.272000 -0.060000 -0.507000 5
-4.052000 3.747000 -1.240000 -0.299000 -0.426000 0.917000 0.517000 0.716000 -0.210000 -0.125000 7
-4.468000 4.121000 -0.420000 -1.197000 0.338000 0.600000 -0.110000 0.314000 -1.248000 -0.012000 8
-4.880000 3.064000 0.060000 0.434000 -0.575000 0.897000 0.250000 0.085000 0.093000 0.445000 9
-2.898000 2.421000 -0.810000 -0.043000 -1.164000 0.448000 0.690000 0.218000 -0.078000 -0.876000 4
-4.805000 3.228000 -0.501000 0.602000 -0.532000 0.745000 0.090000 0.445000 0.756000 -0.420000 9
-2.681000 0.531000 0.252000 1.239000 0.469000 -0.339000 -0.652000 -0.417000 -0.246000 0.412000 2
-3.661000 3.266000 -0.117000 -0.237000 -0.755000 0.092000 0.686000 0.381000 -0.580000 -0.687000 6
-3.961000 4.144000 -0.934000 -0.089000 -0.612000 0.787000 0.326000 0.182000 -0.487000 -0.719000 8
-3.711000 1.377000 -0.584000 1.428000 -0.033000 1.062000 -0.127000 0.328000 -1.092000 -0.565000 1
-4.076000 3.336000 -0.688000 0.677000 -1.472000 0.461000 0.682000 0.724000 0.717000 -0.409000 7
-3.485000 -0.860000 0.582000 1.501000 0.578000 1.480000 -0.663000 -0.602000 -0.318000 0.575000 0
-1.951000 1.684000 -1.039000 0.586000 -1.166000 0.345000 0.330000 -0.108000 -0.198000 -0.609000 3
-2.378000 1.568000 -0.243000 0.407000 -0.428000 0.229000 -0.293000 0.297000 0.372000 -0.512000 5
-3.582000 2.374000 -0.358000 1.162000 -1.953000 0.621000 0.339000 0.355000 0.415000 -0.259000 6
-3.917000 3.496000 0.409000 -0.531000 -1.150000 0.017000 0.605000 0.977000 -0.328000 0.447000 7
-4.115000 1.856000 -0.738000 0.132000 0.658000 0.329000 -0.252000 -0.123000 -0.530000 0.456000 10
-3.618000 0.916000 -0.400000 1.771000 0.666000 1.535000 -0.389000 -0.342000 -1.279000 -0.109000 1
-3.350000 2.713000 -0.472000 0.400000 -0.196000 0.248000 -0.224000 0.530000 -0.358000 -0.091000 10
-1.954000 1.595000 -1.593000 0.370000 -0.136000 0.022000 0.034000 0.321000 -0.190000 -0.491000 3
-2.842000 1.343000 -0.713000 0.003000 0.126000 0.411000 0.538000 -0.077000 -0.995000 0.092000 5
-2.704000 1.285000 -0.908000 1.570000 -0.840000 1.044000 -0.399000 0.951000 0.345000 -0.695000 10
-2.463000 -0.197000 -1.264000 1.150000 0.234000 1.833000 0.066000 0.738000 -1.382000 -0.498000 0
-3.838000 4.252000 -1.621000 -0.219000 -0.281000 0.856000 0.154000 0.133000 -0.920000 -0.454000 7
-1.537000 0.043000 -1.125000 -0.213000 -0.378000 1.265000 0.330000 0.870000 0.293000 -0.393000 1
-2.627000 2.089000 -1.434000 0.937000 -0.615000 0.430000 -0.311000 -0.203000 0.038000 0.933000 3
-3.439000 1.007000 0.020000 1.491000 0.777000 0.257000 -0.777000 -0.282000 -0.707000 0.746000 1
-4.039000 3.506000 -0.964000 0.041000 -0.400000 0.976000 0.650000 0.659000 -0.216000 -0.327000 8
-4.947000 4.637000 -0.444000 -0.953000 -0.119000 -0.249000 0.594000 0.270000 -0.783000 0.265000 9
-3.816000 3.426000 0.224000 -0.384000 -1.733000 0.434000 -0.322000 1.333000 0.653000 0.577000 7
-2.804000 1.021000 0.254000 0.331000 -0.654000 0.854000 -0.085000 0.678000 0.259000 -0.031000 10
-2.907000 1.992000 -0.904000 0.205000 0.011000 0.346000 -0.031000 -0.148000 -1.262000 0.487000 10
-5.105000 1.968000 1.140000 1.719000 -0.443000 -0.432000 -0.969000 -0.173000 0.551000 0.176000 0
-4.580000 4.116000 -0.753000 -0.849000 0.516000 0.498000 0.117000 0.181000 -1.256000 -0.119000 8
-1.215000 -0.288000 -2.423000 0.834000 -0.379000 2.266000 0.503000 1.337000 -1.360000 -0.682000 0
-2.982000 0.522000 -0.100000 0.362000 -0.660000 1.115000 -0.305000 0.859000 0.637000 0.344000 10
-4.902000 4.490000 -0.564000 -0.536000 -0.164000 -0.298000 0.842000 -0.158000 -0.906000 0.358000 9
-4.047000 3.899000 -0.423000 0.147000 -1.273000 0.203000 0.317000 0.531000 0.584000 -0.110000 7
-2.045000 0.819000 -1.460000 0.652000 -0.701000 0.352000 -0.087000 0.793000 -0.567000 -0.013000 2
-3.434000 2.260000 -1.065000 -0.122000 -0.795000 0.363000 1.403000 -0.507000 -0.375000 0.015000 4
-3.958000 3.922000 0.150000 -0.265000 -1.201000 -0.249000 0.202000 1.163000 -0.049000 -0.039000 7
-3.850000 2.280000 -1.055000 -0.335000 -0.164000 0.410000 0.913000 -0.391000 -0.338000 0.260000 4
-3.145000 0.863000 0.416000 0.699000 -1.378000 0.892000 0.020000 0.890000 0.221000 0.834000 8
-1.358000 0.136000 -1.082000 -0.148000 -0.609000 1.464000 0.144000 1.149000 0.481000 0.119000 1
-4.045000 2.193000 0.200000 -0.745000 0.215000 0.387000 0.625000 1.477000 -1.207000 -0.270000 8
-1.945000 0.352000 -1.053000 -0.228000 -0.120000 0.927000 0.088000 0.509000 -0.279000 -0.246000 2
-2.852000 1.914000 -0.755000 0.825000 -1.588000 0.855000 0.217000 -0.246000 0.238000 -0.365000 5
-2.147000 1.655000 -0.355000 -0.082000 -0.194000 0.296000 0.146000 -0.083000 -0.314000 -0.308000 3
-3.088000 1.389000 0.048000 -0.216000 -0.329000 0.910000 0.045000 -0.075000 0.101000 -0.134000 10
-3.356000 3.236000 -0.653000 -0.900000 -0.661000 1.430000 0.901000 0.395000 -0.139000 -0.726000 7
-4.210000 3.289000 -0.106000 -1.247000 -0.683000 0.539000 0.579000 0.832000 -0.035000 -0.764000 7
-2.795000 1.957000 -1.259000 0.790000 -0.274000 0.078000 -0.114000 0.005000 -0.309000 1.142000 3
-2.103000 0.655000 -0.840000 1.195000 0.377000 0.135000 -0.504000 -0.549000 -0.404000 0.602000 2
-3.530000 1.268000 0.903000 1.887000 -1.279000 0.008000 -1.441000 0.657000 0.873000 1.042000 7
-4.676000 2.537000 0.075000 0.730000 -0.933000 1.493000 0.049000 0.076000 0.254000 0.276000 9
-1.921000 0.719000 -0.950000 0.299000 0.222000 0.786000 0.128000 0.588000 -0.462000 -0.491000 2
-2.706000 2.070000 -0.691000 0.310000 -0.745000 0.266000 -0.413000 0.602000 0.360000 -0.713000 4
-2.752000 1.778000 -0.718000 0.057000 -0.009000 0.402000 0.121000 0.050000 -1.435000 0.281000 10
-3.999000 2.138000 0.295000 1.086000 0.699000 -0.127000 -0.634000 -0.400000 -0.505000 0.856000 1
-3.960000 3.373000 -1.235000 0.152000 0.031000 0.664000 0.558000 0.841000 -0.133000 -0.317000 8
-2.562000 1.361000 -0.940000 1.333000 -1.047000 1.208000 -0.316000 1.055000 0.354000 -0.770000 10
-5.124000 2.319000 1.413000 1.804000 -0.277000 -0.330000 -0.746000 0.221000 0.060000 0.460000 0
-2.452000 0.279000 -0.805000 1.141000 0.239000 0.176000 -0.104000 -0.752000 -0.334000 0.731000 2
-3.687000 1.784000 -1.593000 1.603000 0.123000 1.424000 -0.225000 0.441000 0.206000 -0.714000 9
-2.633000 0.672000 -0.372000 0.439000 0.437000 0.907000 -0.402000 -0.040000 -0.366000 -0.741000 2
-2.607000 2.406000 -0.088000 1.586000 -1.477000 0.164000 -0.527000 1.551000 0.033000 0.522000 6
-4.267000 3.010000 0.172000 0.028000 -0.827000 0.532000 0.099000 0.326000 0.340000 0.696000 8
-2.920000 2.697000 -0.116000 0.451000 -0.859000 -0.035000 -0.307000 0.874000 0.622000 -0.301000 4
-4.094000 3.586000 -0.845000 -0.026000 -0.538000 0.964000 0.666000 0.647000 -0.412000 -0.477000 8
-2.964000 1.154000 -0.373000 1.511000 -0.583000 0.152000 -0.012000 -0.949000 -0.054000 1.160000 2
-2.710000 0.809000 0.754000 1.903000 -0.764000 0.378000 -1.123000 0.162000 0.405000 1.163000 6
-3.008000 2.882000 -0.900000 0.214000 -0.565000 -0.197000 0.449000 0.305000 0.413000 -0.300000 6
-3.027000 2.903000 -0.799000 -0.452000 -0.503000 1.044000 0.679000 0.483000 -0.776000 -0.062000 6
-3.533000 2.319000 1.085000 0.247000 -1.053000 -0.429000 -0.026000 1.305000 -0.243000 -0.671000 6
-3.032000 1.739000 -1.141000 0.737000 -0.834000 1.386000 -0.575000 0.679000 -0.018000 -0.823000 10
-2.574000 1.814000 -0.167000 1.826000 -1.156000 0.120000 -0.609000 1.543000 0.110000 0.750000 6
-2.711000 0.971000 -0.023000 0.053000 0.101000 -0.148000 0.382000 0.476000 -1.050000 -0.256000 10
-2.973000 3.557000 -0.396000 -0.719000 -0.669000 0.923000 0.293000 1.009000 0.140000 -1.098000 6
-2.052000 1.483000 -0.488000 0.041000 -0.131000 0.273000 -0.112000 -0.064000 0.307000 -0.800000 3
-3.020000 1.033000 -0.238000 -0.286000 0.088000 0.235000 0.372000 0.563000 -1.027000 -0.151000 10
-2.859000 2.255000 -0.676000 0.098000 -1.086000 0.041000 0.732000 0.305000 -0.141000 -0.636000 4
-4.756000 1.197000 1.431000 1.540000 0.262000 -0.277000 -0.741000 0.075000 -0.260000 0.876000 0
-3.941000 3.353000 0.486000 -0.506000 -1.120000 0.101000 0.297000 0.711000 -0.078000 0.648000 7
-2.050000 0.065000 -0.938000 -0.037000 0.082000 1.561000 0.393000 0.835000 -0.029000 -0.394000 1
-3.682000 3.672000 0.041000 -0.508000 -0.905000 0.028000 0.492000 0.654000 -0.722000 -0.318000 6
-1.793000 0.925000 -0.739000 -0.396000 -0.211000 0.329000 -0.403000 0.604000 0.197000 -0.251000 3
-3.665000 0.337000 -0.641000 1.791000 -0.194000 1.686000 -0.359000 0.570000 -0.676000 -0.841000 0
-4.687000 1.152000 1.089000 1.915000 0.201000 -0.296000 -0.692000 -0.105000 -0.143000 0.884000 0
-3.485000 1.092000 -0.674000 1.395000 -0.027000 1.039000 -0.047000 0.384000 -0.761000 -0.934000 1
-4.068000 2.566000 -0.068000 -0.152000 0.126000 0.548000 0.453000 0.577000 -0.543000 -0.896000 8
-3.839000 1.248000 0.830000 0.982000 -1.110000 0.617000 -0.751000 0.084000 0.309000 1.125000 8
-2.764000 1.111000 0.727000 1.540000 -0.855000 0.261000 -1.110000 0.227000 0.420000 0.991000 6
-2.353000 2.897000 -0.433000 -0.193000 -0.715000 0.359000 0.260000 0.273000 -1.206000 0.360000 5
-3.152000 0.086000 -0.325000 0.868000 1.084000 0.753000 -0.522000 -0.005000 -0.821000 0.483000 1
-2.733000 1.088000 0.761000 1.694000 -0.833000 0.292000 -1.069000 0.266000 0.369000 1.034000 6
-2.511000 1.511000 -0.555000 0.226000 -0.735000 0.631000 -0.006000 0.520000 -0.138000 -0.651000 5
-2.902000 2.988000 -1.152000 0.057000 -0.477000 0.622000 0.338000 -0.368000 -0.689000 0.793000 5
-3.836000 3.699000 -0.225000 1.520000 -1.729000 -0.184000 0.064000 0.970000 0.500000 -0.130000 7
-3.012000 2.252000 -0.806000 0.389000 -0.110000 0.649000 -0.328000 0.321000 -0.559000 0.234000 10
-2.026000 1.750000 -0.526000 -0.131000 0.266000 -0.055000 0.084000 0.063000 0.047000 -0.691000 3
-3.735000 2.096000 -0.818000 0.463000 -0.221000 1.144000 0.023000 0.224000 -0.745000 -0.325000 10
-3.086000 1.010000 -0.627000 1.508000 0.338000 0.747000 -0.479000 -0.323000 -1.087000 0.645000 2
-3.789000 1.420000 -0.372000 0.568000 0.123000 0.185000 0.078000 1.006000 -0.722000 -0.391000 10
-1.976000 0.389000 -0.947000 -0.250000 -0.065000 0.949000 0.127000 0.478000 -0.323000 -0.345000 2
-1.417000 -0.319000 -2.254000 1.072000 -0.221000 2.268000 0.430000 0.923000 -1.486000 -0.698000 0
-3.543000 0.624000 0.674000 1.413000 0.653000 -0.445000 -0.803000 -0.256000 -0.650000 0.423000 1
-2.769000 2.906000 -0.194000 0.349000 -0.958000 0.089000 -0.245000 1.004000 0.600000 -0.336000 4
-4.474000 4.569000 -1.069000 -1.409000 0.137000 1.049000 0.071000 0.877000 -1.355000 -0.167000 7
-5.034000 4.993000 -1.633000 -0.285000 0.398000 0.181000 -0.211000 -0.508000 -0.283000 0.304000 9
-2.715000 2.325000 0.701000 0.239000 -1.426000 -0.218000 -0.317000 1.516000 -0.162000 -0.703000 6
-2.051000 1.508000 -1.641000 -0.058000 -0.102000 0.346000 -0.021000 0.109000 -0.147000 -0.298000 3
-4.848000 1.115000 0.932000 1.615000 -0.589000 0.592000 -0.446000 -0.366000 -0.447000 1.294000 9
-2.415000 2.517000 -0.285000 0.085000 -0.902000 0.283000 0.302000 0.247000 -1.207000 0.371000 5
-4.130000 3.105000 -1.141000 0.183000 -0.498000 1.324000 -0.399000 0.675000 -0.339000 -0.694000 8
-4.442000 2.607000 0.596000 0.191000 0.636000 0.679000 -0.140000 0.774000 -0.828000 -1.122000 9
-3.765000 1.970000 -0.955000 0.304000 -0.735000 0.410000 0.380000 0.146000 -0.536000 0.738000 5
-1.672000 0.328000 -0.833000 -0.577000 -0.363000 0.840000 0.180000 0.682000 -0.124000 -0.109000 2
-1.823000 -0.578000 -1.624000 0.520000 0.052000 1.711000 0.535000 1.318000 -0.115000 -0.505000 0
-2.312000 1.746000 -1.510000 1.019000 -0.990000 0.941000 -0.488000 0.208000 0.033000 -0.847000 3
-3.518000 0.716000 -0.365000 1.788000 0.584000 1.678000 -0.109000 -0.016000 -1.501000 0.002000 1
-3.339000 3.011000 -1.264000 -0.343000 -0.119000 0.498000 0.589000 0.078000 0.221000 -0.822000 6
-2.690000 1.652000 -1.261000 0.674000 -0.964000 1.449000 -0.593000 1.005000 -0.303000 -0.541000 10
-1.885000 2.214000 -0.673000 0.147000 -0.148000 -0.400000 0.252000 -0.098000 -0.874000 0.245000 3
-2.488000 2.822000 -0.239000 -0.330000 -1.355000 0.284000 0.101000 0.934000 -0.966000 -0.310000 4
-2.483000 0.810000 0.185000 0.284000 -0.917000 0.730000 -0.111000 0.613000 0.373000 0.184000 10
-2.884000 2.424000 -0.764000 -0.108000 -1.015000 0.361000 0.712000 0.133000 -0.017000 -0.847000 4
-1.959000 2.285000 -0.089000 -0.262000 -0.013000 0.019000 -0.233000 -0.068000 -0.268000 -0.022000 3
-2.708000 2.560000 -0.439000 0.324000 -0.348000 0.429000 0.091000 -0.037000 -0.434000 0.344000 5
-3.743000 3.629000 -0.874000 -0.790000 -0.312000 1.759000 0.679000 0.565000 -0.521000 -0.485000 7
-2.029000 0.698000 -1.482000 0.813000 -0.681000 0.422000 0.016000 0.751000 -0.300000 -0.237000 2
-2.601000 2.735000 -0.322000 -0.255000 -1.670000 0.229000 0.202000 1.010000 -0.871000 -0.461000 4
-4.047000 0.913000 0.734000 1.479000 0.258000 0.206000 -1.117000 -0.423000 -0.336000 0.982000 0
-4.208000 2.447000 0.049000 1.331000 -2.088000 0.585000 -0.050000 0.820000 0.606000 -0.302000 7
-2.968000 2.149000 0.130000 0.676000 -0.790000 0.112000 -0.507000 0.762000 0.625000 -0.272000 4
-3.390000 -0.956000 0.476000 1.547000 0.658000 1.504000 -0.650000 -0.604000 -0.295000 0.616000 0
-2.666000 1.516000 -1.198000 0.741000 -1.066000 1.240000 -0.574000 0.965000 -0.130000 -0.711000 10
-4.062000 2.358000 -0.310000 1.895000 1.095000 0.049000 -0.870000 -0.524000 -0.980000 -0.065000 9
-4.521000 1.430000 0.162000 0.580000 -0.351000 1.339000 -0.259000 0.810000 0.431000 -0.102000 9
-2.263000 3.344000 -1.165000 -0.625000 -0.159000 0.926000 0.130000 -0.330000 -0.783000 0.310000 4
-2.073000 0.088000 -0.730000 0.296000 -0.286000 1.750000 0.154000 1.078000 0.294000 -0.174000 1
-2.859000 1.627000 -1.140000 0.769000 -0.948000 1.390000 -0.608000 0.956000 -0.204000 -0.727000 10
-2.986000 2.072000 -0.311000 -0.083000 -0.878000 0.449000 0.916000 0.082000 -0.905000 -0.109000 4
-3.951000 2.250000 0.127000 1.772000 -1.906000 0.567000 -0.432000 1.045000 0.598000 -0.293000 7
-2.289000 1.845000 -1.616000 0.987000 -0.876000 1.044000 -0.549000 0.196000 -0.070000 -0.814000 3
-2.846000 2.430000 -0.780000 -0.153000 -0.905000 0.240000 0.746000 0.140000 -0.114000 -0.746000 4
-2.104000 1.600000 -0.297000 -0.071000 -0.172000 0.285000 0.152000 -0.089000 -0.296000 -0.370000 3
-4.064000 4.106000 -0.545000 0.030000 -1.645000 0.904000 0.103000 0.907000 0.050000 -0.322000 7
-2.957000 0.596000 -0.756000 0.890000 0.580000 0.836000 0.543000 0.036000 -0.232000 -0.579000 1
-2.520000 1.520000 -0.959000 1.296000 -1.103000 1.149000 -0.268000 1.249000 0.092000 -0.682000 10
-4.001000 2.284000 -0.365000 2.106000 1.006000 -0.028000 -0.825000 -0.390000 -0.898000 0.099000 9
-2.814000 1.515000 -0.088000 0.597000 -0.033000 -0.290000 -0.445000 0.113000 -0.136000 0.662000 2
-3.639000 0.418000 -0.670000 1.779000 -0.168000 1.627000 -0.388000 0.529000 -0.874000 -0.814000 0
-3.776000 1.752000 0.920000 0.722000 -1.164000 0.774000 -0.010000 0.657000 0.248000 1.055000 8
-3.119000 3.135000 -1.466000 -0.352000 -0.023000 0.752000 0.143000 -0.231000 -0.376000 0.721000 4
-2.679000 1.731000 -0.090000 2.003000 -1.009000 0.038000 -0.822000 1.232000 0.128000 0.720000 6
-3.055000 0.088000 -1.217000 1.562000 0.186000 2.059000 0.054000 0.639000 -1.121000 -0.757000 0
-3.844000 1.056000 -0.190000 1.685000 0.617000 1.245000 -0.811000 -0.506000 -1.128000 0.076000 1
-3.239000 2.916000 -1.406000 -0.455000 -0.454000 1.219000 0.078000 0.383000 -0.776000 -0.413000 6
-2.800000 2.609000 -1.726000 0.036000 -0.941000 1.039000 0.191000 0.044000 -0.165000 -0.234000 4
-3.095000 2.851000 -0.816000 -0.396000 -0.603000 1.090000 0.567000 0.743000 -0.677000 0.052000 6
-4.827000 3.391000 -0.099000 0.599000 -0.723000 0.741000 0.089000 -0.214000 0.518000 -0.074000 9
-2.979000 1.795000 -0.870000 1.427000 -0.930000 1.323000 -0.212000 1.286000 -0.135000 -0.496000 10
-3.581000 1.188000 -0.958000 0.189000 -0.077000 0.451000 0.049000 0.449000 -0.676000 0.919000 3
-3.455000 2.561000 -0.421000 0.847000 0.330000 0.057000 -0.177000 -0.494000 -0.786000 0.951000 10
-1.804000 1.556000 -0.803000 1.388000 -0.989000 0.751000 -0.029000 0.963000 -0.228000 0.297000 5
-2.905000 2.311000 -0.658000 0.022000 -1.121000 0.250000 0.467000 0.484000 -0.157000 -0.676000 4
-3.291000 2.324000 -0.679000 0.285000 0.441000 0.557000 -0.227000 0.115000 -1.046000 0.697000 10
-1.450000 0.199000 -1.127000 -0.281000 -0.372000 1.287000 0.369000 0.855000 0.303000 -0.385000 1
-3.000000 1.524000 -0.866000 1.015000 -0.400000 0.861000 0.174000 0.938000 -0.216000 -1.010000 10
-1.548000 -0.400000 -1.659000 0.244000 -0.101000 1.562000 0.551000 1.248000 0.129000 -0.456000 0
-3.462000 2.648000 -0.447000 -0.000000 -0.416000 0.767000 0.569000 -0.072000 -0.080000 -0.798000 6
-3.836000 0.508000 0.645000 1.721000 0.280000 0.303000 -0.911000 -0.592000 -0.631000 1.023000 0
-4.036000 2.141000 -0.355000 -0.602000 0.837000 0.663000 -0.013000 0.507000 -1.412000 0.210000 8
-3.905000 3.147000 -1.259000 0.304000 -0.216000 1.055000 0.578000 0.353000 -0.517000 -0.871000 8
-2.724000 2.998000 -0.560000 -0.077000 -0.944000 0.548000 -0.080000 0.400000 0.144000 -0.630000 4
-1.614000 0.287000 -1.195000 -0.252000 -0.257000 1.251000 0.281000 0.898000 0.188000 -0.423000 1
-2.914000 2.541000 -1.567000 0.067000 -1.051000 1.207000 0.006000 0.289000 -0.325000 -0.343000 4
-4.836000 3.871000 -0.684000 0.182000 0.349000 -0.176000 0.317000 0.059000 -0.024000 -1.130000 9
-2.521000 2.271000 -0.277000 0.270000 -0.909000 0.274000 0.348000 -0.028000 -1.177000 0.432000 5
-3.624000 0.305000 -0.708000 1.758000 -0.194000 1.675000 -0.273000 0.561000 -0.577000 -0.843000 0
-3.000000 0.217000 -0.855000 0.803000 -0.008000 1.795000 -0.010000 1.070000 -0.061000 -1.046000 1
-2.247000 3.420000 -0.887000 -0.823000 -0.297000 0.774000 0.185000 -0.242000 -0.790000 0.046000 4
-3.189000 2.620000 -0.833000 0.450000 0.009000 0.444000 -0.348000 0.126000 -0.614000 0.081000 10
-3.684000 1.774000 -1.728000 1.611000 0.100000 1.393000 -0.193000 0.554000 0.245000 -0.919000 9
-4.122000 3.177000 0.529000 -0.176000 -1.307000 0.132000 -0.279000 1.353000 0.458000 -0.009000 7
-2.913000 0.757000 -0.819000 1.245000 0.419000 1.170000 0.051000 0.328000 -0.960000 -0.614000 1
-4.135000 3.651000 -0.751000 -0.066000 -0.789000 1.131000 0.496000 0.788000 -0.883000 -0.351000 8
-4.151000 2.069000 -0.605000 0.111000 0.410000 0.354000 -0.284000 -0.381000 -0.507000 0.737000 10
-5.049000 4.846000 -0.678000 -0.877000 -0.090000 0.005000 0.253000 -0.078000 -0.178000 0.131000 9
-4.261000 1.827000 -0.482000 -0.194000 0.731000 0.354000 -0.478000 0.050000 -0.112000 0.321000 10
-2.395000 1.929000 -1.496000 0.372000 0.065000 0.009000 0.149000 0.813000 -0.484000 -0.672000 3
-2.904000 0.458000 -0.656000 0.832000 0.610000 0.805000 0.568000 0.041000 -0.114000 -0.615000 1
-3.618000 1.576000 -1.140000 0.699000 -0.741000 1.633000 -0.387000 1.086000 0.235000 -0.388000 8
-3.549000 1.905000 -0.509000 1.963000 -1.200000 0.847000 -0.157000 0.842000 0.625000 -0.586000 8
-4.753000 3.421000 -0.189000 0.656000 -0.984000 1.443000 -0.652000 0.546000 0.123000 -0.326000 9
-3.896000 2.768000 -0.816000 -0.014000 -0.125000 0.168000 0.307000 1.203000 0.246000 -0.118000 8
-3.311000 2.946000 -0.808000 -0.300000 -0.457000 0.324000 0.515000 0.149000 0.533000 -0.718000 6
-3.053000 1.518000 -0.729000 0.828000 -1.211000 0.499000 0.326000 -0.136000 -0.263000 0.750000 3
-3.266000 0.577000 -0.261000 1.481000 0.874000 0.301000 -0.496000 -0.012000 -0.623000 0.879000 1
-3.917000 1.925000 0.267000 1.361000 0.453000 -0.190000 -0.242000 -0.633000 -0.620000 1.039000 1
-3.432000 2.235000 -0.753000 0.361000 0.435000 0.425000 -0.193000 0.012000 -1.166000 0.794000 10
-4.013000 2.101000 0.295000 1.292000 0.450000 -0.024000 -0.565000 -0.588000 -0.343000 0.695000 1
-2.505000 2.358000 -0.184000 -0.792000 -0.316000 1.363000 0.302000 -0.121000 0.214000 -0.622000 5
-3.756000 2.204000 -0.716000 0.529000 -0.284000 1.121000 0.022000 0.127000 -0.782000 -0.394000 10
-3.278000 0.324000 1.047000 1.152000 0.725000 0.168000 -0.839000 -0.381000 -0.687000 0.013000 1
-3.369000 1.784000 -0.603000 1.303000 0.007000 -0.044000 -0.459000 -0.012000 -0.591000 1.047000 2
-2.938000 2.782000 -1.111000 -0.076000 0.000000 0.582000 0.252000 -0.400000 -0.773000 0.838000 5
-2.544000 2.725000 -0.067000 -0.787000 -0.903000 0.970000 0.524000 0.320000 0.283000 -0.822000 4
-4.039000 3.689000 -1.007000 -0.139000 -0.542000 0.587000 0.535000 0.465000 0.194000 0.168000 7
-2.335000 2.896000 -0.295000 -0.420000 -0.645000 0.351000 0.120000 0.447000 -1.126000 0.110000 5
-4.264000 2.925000 0.065000 0.794000 0.323000 0.515000 -1.282000 -0.140000 -0.863000 -0.390000 9
-3.946000 2.545000 0.447000 -0.001000 0.043000 0.788000 -0.102000 0.680000 -0.637000 -0.545000 8
-2.702000 3.596000 -0.570000 -1.041000 -0.709000 1.009000 0.403000 0.426000 -1.013000 -0.009000 6
-3.857000 2.133000 -0.580000 0.996000 0.502000 0.650000 -0.283000 -0.468000 -0.983000 0.613000 8
-2.497000 1.607000 -0.621000 -0.446000 -0.226000 -0.152000 1.160000 0.122000 -0.809000 0.495000 5
-2.639000 1.880000 -0.389000 0.204000 -0.571000 0.094000 -0.233000 0.279000 0.426000 -0.598000 4
-3.025000 2.711000 -0.147000 -0.034000 -1.340000 0.049000 0.364000 1.099000 -1.020000 -0.652000 6
-1.993000 1.725000 -1.130000 0.556000 -1.223000 0.485000 0.211000 -0.040000 -0.294000 -0.548000 3
-1.012000 0.516000 -2.041000 0.320000 -0.634000 1.969000 0.041000 1.414000 -0.687000 0.047000 1
-4.188000 3.229000 -0.456000 1.077000 -1.385000 -0.104000 0.459000 0.558000 0.701000 -0.320000 7
-3.389000 2.762000 -0.710000 -0.026000 -0.641000 0.112000 0.775000 0.443000 -0.110000 -0.979000 6
-4.885000 3.967000 -0.948000 0.373000 0.255000 -0.121000 0.430000 -0.013000 0.018000 -1.518000 9
-3.753000 0.828000 -0.042000 1.406000 0.209000 -0.530000 -0.520000 -0.400000 -0.386000 1.070000 2
-2.598000 1.938000 -0.846000 1.062000 -1.633000 0.764000 0.394000 -0.150000 0.277000 -0.396000 4
-3.975000 3.066000 -0.506000 -0.827000 -0.478000 0.434000 0.356000 0.939000 -1.309000 0.204000 6
-2.351000 1.530000 0.086000 -0.075000 -0.426000 0.125000 -0.197000 0.033000 0.848000 -0.038000 5
-4.708000 3.269000 -1.121000 0.701000 0.437000 0.176000 0.552000 0.004000 -0.168000 -1.484000 9
-4.884000 3.630000 -0.279000 0.496000 -0.670000 0.792000 -0.005000 -0.137000 0.532000 -0.184000 9
-2.499000 0.119000 -0.820000 0.346000 0.347000 1.696000 0.245000 0.689000 -0.084000 -0.596000 1
-2.493000 1.382000 -0.929000 0.465000 -0.369000 0.002000 0.187000 -0.696000 -0.310000 0.348000 3
-2.512000 2.826000 -0.171000 -0.385000 -1.495000 0.381000 0.067000 0.899000 -0.902000 -0.412000 4
-2.453000 -0.320000 -1.368000 1.040000 0.174000 1.985000 0.158000 0.590000 -1.318000 -0.587000 0
-3.584000 1.252000 -0.062000 1.646000 0.787000 1.134000 0.096000 -0.292000 -1.133000 0.472000 1
-4.687000 0.406000 0.889000 1.464000 1.618000 1.021000 -0.121000 -0.398000 -0.307000 0.293000 0
-4.497000 3.018000 0.609000 0.115000 0.673000 0.709000 -0.030000 0.861000 -0.704000 -1.038000 9
-1.222000 0.491000 -0.716000 0.004000 -0.323000 1.108000 -0.148000 0.773000 0.387000 -0.073000 2
-3.097000 1.385000 -0.173000 1.392000 -0.613000 -0.143000 -0.014000 -0.565000 -0.065000 1.129000 2
-3.394000 0.557000 -0.573000 1.704000 0.608000 1.644000 0.109000 0.200000 -1.507000 -0.225000 1
-3.674000 1.513000 0.038000 1.604000 0.907000 1.045000 -0.166000 -0.295000 -1.130000 0.594000 1
-2.700000 2.830000 -0.389000 0.032000 -0.958000 0.440000 -0.168000 0.519000 0.169000 -0.525000 4
-3.820000 1.705000 -1.130000 0.450000 -0.471000 0.665000 0.298000 -0.175000 -0.473000 0.848000 5
-4.083000 2.315000 -0.375000 0.520000 -0.019000 -0.211000 -0.172000 1.054000 0.387000 0.168000 8
-2.101000 1.502000 -0.322000 -0.363000 0.026000 0.116000 0.162000 -0.074000 -0.106000 -0.397000 3
-3.426000 0.584000 -0.469000 1.776000 0.566000 1.686000 0.070000 0.081000 -1.483000 -0.141000 1
-4.711000 1.166000 1.244000 1.746000 0.311000 -0.305000 -0.691000 -0.137000 -0.288000 1.023000 0
-2.951000 2.640000 0.832000 -0.387000 -1.502000 0.272000 0.756000 0.538000 0.616000 -0.399000 6
-3.198000 1.373000 0.392000 0.423000 -1.203000 0.656000 -0.428000 0.994000 0.576000 0.865000 8
-4.139000 3.363000 -1.464000 0.459000 -0.066000 1.045000 -0.146000 0.172000 -0.124000 -0.864000 8
-3.053000 0.716000 -1.024000 1.422000 0.184000 1.473000 0.261000 0.983000 -0.431000 -0.717000 1
-4.475000 4.064000 -0.927000 -0.678000 0.599000 0.445000 0.224000 0.103000 -1.336000 -0.192000 8
-2.550000 2.629000 0.084000 -0.159000 -0.882000 0.093000 -0.190000 0.961000 0.032000 -0.589000 4
-2.555000 1.421000 -0.800000 -0.233000 -0.078000 0.244000 0.771000 -0.112000 -0.707000 0.165000 5
-2.836000 1.561000 -0.076000 1.229000 -0.291000 -0.036000 -0.369000 -0.393000 -0.181000 0.850000 2
-4.333000 2.438000 -0.219000 1.372000 -0.761000 0.306000 0.594000 -0.022000 1.103000 0.190000 9
-2.939000 2.157000 -0.451000 -0.209000 -0.880000 0.697000 0.823000 -0.035000 -0.744000 -0.193000 4
-4.544000 3.046000 1.028000 -0.016000 0.447000 0.884000 -0.094000 0.885000 -0.459000 -1.099000 9
-3.494000 1.207000 -0.607000 0.242000 -0.430000 0.131000 0.236000 0.545000 -0.593000 0.678000 3
-2.776000 2.563000 0.532000 0.277000 -1.470000 -0.368000 -0.278000 1.479000 -0.164000 -0.797000 6
-3.963000 2.272000 -0.534000 0.977000 0.329000 0.514000 -0.363000 -0.425000 -0.712000 0.410000 8
-2.971000 0.463000 -0.195000 0.323000 -0.625000 0.941000 -0.327000 0.780000 0.552000 0.436000 10
-2.612000 1.403000 -0.870000 0.470000 -0.448000 0.172000 -0.060000 -0.656000 -0.334000 0.087000 3
-2.924000 2.731000 -1.138000 0.066000 0.100000 0.683000 0.162000 -0.399000 -0.882000 0.827000 5
-1.737000 1.789000 -1.046000 1.071000 -0.775000 1.041000 -0.025000 0.925000 -0.452000 0.007000 3
-3.141000 3.314000 -0.996000 -0.394000 -0.190000 -0.312000 0.137000 0.631000 0.547000 -0.247000 6
-2.906000 1.102000 -0.491000 0.575000 -0.386000 0.771000 -0.134000 0.977000 -0.540000 -0.604000 5
-2.594000 2.584000 -0.370000 -0.524000 -0.177000 0.515000 -0.137000 0.095000 -0.731000 0.072000 5
-3.634000 3.589000 -1.075000 -0.709000 0.058000 1.051000 0.878000 0.627000 -0.111000 -0.437000 7
-5.011000 4.976000 -0.868000 -1.215000 0.170000 -0.018000 0.543000 0.154000 -0.841000 0.707000 9
-3.468000 1.810000 -0.390000 1.550000 -0.084000 -0.008000 -0.482000 -0.231000 -0.724000 0.967000 2
-2.207000 1.090000 -0.627000 0.024000 0.912000 0.662000 0.241000 0.348000 -0.702000 -0.912000 2
-2.385000 1.241000 0.272000 -0.040000 -0.692000 0.160000 -0.061000 -0.189000 0.744000 0.088000 5
-3.117000 0.146000 -1.228000 1.635000 0.223000 2.026000 0.036000 0.569000 -1.150000 -0.767000 0
-3.498000 1.669000 0.076000 1.530000 0.380000 -0.135000 -0.814000 -0.208000 -0.307000 1.053000 1
-2.967000 2.781000 -1.277000 0.354000 -0.936000 1.505000 -0.004000 -0.418000 -0.560000 0.725000 4
-3.171000 0.490000 -1.128000 0.911000 -0.388000 2.014000 -0.212000 0.707000 -0.551000 -0.187000 1
-2.515000 1.340000 -0.840000 0.511000 -0.492000 0.098000 0.047000 -0.680000 -0.283000 0.168000 3
-3.312000 -0.776000 -0.504000 1.390000 0.860000 1.257000 0.222000 0.314000 -0.715000 -0.765000 0
-3.492000 3.446000 -1.734000 0.705000 -0.230000 1.339000 0.092000 -0.698000 -1.143000 -0.050000 6
-2.704000 0.917000 0.267000 0.314000 -0.756000 0.818000 -0.114000 0.673000 0.261000 0.056000 10
-2.287000 1.809000 -1.498000 1.012000 -1.053000 1.060000 -0.567000 0.235000 -0.091000 -0.795000 3
-3.673000 1.811000 -1.405000 1.621000 0.044000 1.572000 -0.453000 0.745000 -0.066000 -0.733000 9
-3.546000 1.064000 -0.006000 1.455000 0.847000 1.117000 0.073000 -0.025000 -1.318000 0.557000 1
-3.631000 1.195000 -0.719000 0.130000 -0.065000 0.348000 -0.061000 0.555000 -0.594000 0.806000 3
-3.407000 1.821000 -0.675000 0.765000 0.256000 0.469000 -0.090000 0.322000 -0.387000 -0.968000 10
-5.131000 2.192000 1.364000 1.936000 -0.591000 -0.354000 -0.677000 0.150000 0.178000 0.380000 0
-3.118000 0.356000 0.377000 1.447000 0.868000 0.407000 -0.915000 -0.546000 -0.637000 0.169000 1
-2.530000 1.492000 -0.936000 1.210000 -1.154000 1.316000 -0.267000 1.149000 0.226000 -0.770000 10
-3.846000 1.426000 -0.607000 1.434000 -0.072000 1.130000 -0.535000 1.159000 -0.123000 -0.385000 8
-2.043000 1.950000 -0.435000 1.341000 -1.049000 0.558000 -0.237000 1.237000 -0.283000 0.306000 5
-3.105000 2.916000 -0.207000 0.031000 -0.897000 0.021000 -0.229000 0.256000 1.073000 -0.065000 6
-2.382000 -0.294000 -1.397000 1.051000 0.211000 1.901000 0.151000 0.654000 -1.286000 -0.609000 0
-2.665000 0.772000 -1.009000 1.307000 0.287000 0.855000 -0.466000 -0.190000 -0.721000 0.407000 2
-2.784000 1.430000 0.145000 0.309000 -0.931000 1.342000 0.017000 0.589000 -0.044000 -0.273000 5
-3.597000 2.146000 -1.492000 -0.142000 -0.297000 0.815000 0.870000 -0.490000 -0.471000 0.410000 4
-2.817000 1.268000 -1.127000 0.707000 0.399000 0.406000 0.289000 0.319000 -0.691000 -0.379000 2
-4.661000 4.235000 -0.497000 -1.021000 0.295000 0.457000 -0.019000 0.345000 -1.355000 0.062000 8
-3.092000 3.014000 -0.307000 -0.016000 -0.956000 0.195000 -0.227000 0.367000 0.958000 -0.092000 6
-2.882000 2.165000 -0.589000 0.173000 -1.165000 0.014000 0.571000 0.502000 -0.093000 -0.616000 4
-3.059000 2.895000 -0.847000 -0.364000 -0.484000 1.025000 0.502000 0.506000 -0.733000 0.078000 6
-3.570000 1.366000 0.970000 1.957000 -1.262000 0.002000 -1.275000 0.585000 0.754000 0.993000 7
-2.460000 3.706000 -1.304000 -0.339000 -0.487000 1.125000 0.187000 -0.211000 -1.068000 0.944000 4
-3.347000 -0.159000 -0.414000 0.922000 0.973000 0.978000 0.929000 -1.211000 -1.268000 0.278000 0
-2.205000 1.804000 -0.199000 1.773000 -1.089000 0.312000 -0.621000 1.247000 0.137000 0.406000 4
-1.077000 0.511000 -2.006000 0.305000 -0.584000 1.962000 0.089000 1.406000 -0.669000 -0.027000 1
-4.028000 0.982000 -0.648000 1.478000 -0.048000 2.108000 -0.146000 0.467000 -0.654000 -0.193000 9
-3.689000 1.367000 -0.389000 0.376000 0.136000 0.343000 0.156000 1.010000 -0.611000 -0.551000 10
-4.426000 1.167000 0.008000 1.315000 0.189000 -0.297000 -0.124000 -0.244000 -0.423000 0.684000 2
-1.393000 -0.305000 -2.290000 1.100000 -0.254000 2.327000 0.363000 0.795000 -1.521000 -0.756000 0
-3.062000 1.008000 0.935000 1.443000 -0.579000 0.068000 -1.333000 0.106000 0.958000 0.979000 6
-4.235000 3.775000 -1.593000 0.814000 0.288000 0.805000 -0.566000 -0.247000 -0.409000 -0.556000 8
-2.776000 3.557000 -0.435000 -1.044000 -0.572000 1.273000 0.221000 0.295000 -0.986000 -0.040000 6
-1.952000 1.469000 -1.375000 0.105000 -0.154000 0.170000 -0.047000 0.336000 -0.098000 -0.410000 3
-1.657000 0.056000 -1.044000 -0.320000 -0.316000 1.321000 0.638000 0.800000 0.298000 -0.159000 1
-2.521000 2.283000 -0.954000 0.232000 -0.918000 0.253000 -0.094000 0.833000 -0.704000 -0.092000 5
-3.622000 1.111000 -0.972000 0.399000 -0.402000 0.527000 0.271000 0.373000 -0.716000 0.943000 3
-4.049000 2.223000 -0.076000 0.928000 0.692000 0.731000 -0.931000 -0.141000 -1.087000 -0.584000 9
-3.440000 3.203000 -0.698000 -0.860000 -0.542000 1.503000 0.922000 0.467000 -0.183000 -0.919000 7
-3.753000 3.605000 -0.899000 -0.747000 -0.401000 1.765000 0.620000 0.754000 -0.835000 -0.301000 7
-4.513000 3.080000 0.068000 0.050000 -0.484000 0.341000 -0.257000 1.302000 -0.517000 -1.057000 9
-1.895000 -0.012000 -0.970000 -0.152000 -0.161000 1.509000 0.487000 0.809000 0.044000 -0.264000 1
-3.190000 3.101000 -1.659000 -0.182000 -0.436000 0.828000 0.272000 0.502000 -0.857000 -0.516000 6
-3.239000 3.083000 -1.427000 -0.202000 -0.282000 1.421000 0.576000 0.068000 -0.914000 0.147000 6
-3.089000 2.339000 -0.973000 0.463000 -1.169000 0.543000 0.598000 -0.450000 -0.080000 -0.039000 5
-2.550000 2.391000 -1.137000 0.090000 -0.948000 0.217000 0.051000 0.723000 -0.558000 -0.204000 5
-4.944000 3.325000 0.015000 0.079000 -0.593000 1.047000 0.337000 0.296000 -0.453000 0.371000 9
-4.544000 1.672000 0.643000 1.281000 0.504000 -0.803000 -0.709000 -0.229000 -0.546000 1.058000 1
-1.507000 -0.457000 -1.728000 0.256000 -0.081000 1.571000 0.556000 1.291000 0.121000 -0.456000 0
-4.066000 1.050000 -0.049000 0.458000 -0.357000 1.331000 -0.129000 0.848000 0.509000 0.317000 9
-2.923000 0.919000 -0.231000 -0.307000 0.075000 0.265000 0.403000 0.691000 -1.012000 -0.157000 10
-4.520000 2.231000 -0.088000 0.513000 -0.528000 1.246000 0.198000 0.242000 0.161000 0.769000 9
-4.211000 2.811000 0.016000 0.799000 0.514000 0.496000 -1.219000 -0.238000 -0.798000 -0.392000 9
-3.176000 2.997000 -1.098000 -0.371000 -0.418000 1.318000 0.480000 0.472000 -0.814000 0.106000 6
-3.262000 0.956000 -0.791000 1.528000 -0.021000 0.977000 -0.121000 0.499000 -0.990000 -0.621000 1
-1.220000 0.831000 -1.674000 0.940000 -0.425000 1.463000 -0.063000 1.135000 -0.422000 0.060000 2
-3.155000 1.021000 0.455000 0.624000 -1.306000 0.842000 -0.123000 0.909000 0.328000 0.876000 8
-2.089000 1.695000 -0.528000 -0.232000 0.385000 -0.137000 0.033000 0.071000 0.033000 -0.744000 3
-3.947000 2.102000 0.305000 0.462000 -0.765000 1.037000 -0.618000 0.741000 0.345000 0.269000 8
-2.314000 1.494000 0.294000 0.245000 -0.769000 0.050000 -0.068000 0.819000 0.618000 -0.572000 5
-2.785000 2.792000 -1.924000 0.225000 -0.985000 1.076000 0.070000 -0.071000 -0.257000 -0.135000 4
-2.911000 1.928000 -1.131000 0.899000 -0.911000 1.111000 -0.208000 -0.047000 -0.029000 -0.539000 4
-2.608000 0.839000 0.203000 0.305000 -0.851000 0.780000 -0.143000 0.607000 0.344000 0.106000 10
-2.742000 2.729000 -0.129000 -0.490000 -0.573000 0.868000 0.070000 0.771000 0.053000 -0.939000 4
-2.695000 1.119000 -0.986000 0.172000 0.499000 0.372000 0.088000 0.630000 -0.721000 -0.256000 2
-2.577000 2.449000 -0.380000 0.174000 -0.410000 0.383000 0.190000 0.097000 -0.489000 -0.084000 5
-2.632000 0.881000 0.710000 1.800000 -0.750000 0.330000 -1.128000 0.177000 0.339000 1.166000 6
-4.228000 3.111000 -0.380000 1.160000 -1.188000 -0.362000 0.516000 0.507000 0.669000 -0.074000 7
-3.990000 2.008000 0.503000 0.845000 0.774000 -0.114000 -0.641000 -0.282000 -0.734000 0.877000 1
-3.961000 1.078000 0.110000 1.232000 0.210000 -0.670000 -0.536000 -0.330000 -0.268000 1.098000 2
-3.117000 2.876000 -0.746000 -0.047000 -0.427000 -0.053000 0.453000 0.305000 0.541000 -0.489000 6
-3.329000 1.788000 -0.517000 0.597000 0.503000 0.278000 0.121000 0.176000 -0.159000 -0.980000 10
-1.570000 1.655000 -1.040000 1.160000 -0.923000 0.961000 -0.231000 0.955000 -0.273000 0.065000 3
-4.066000 0.398000 -0.382000 1.679000 0.121000 1.617000 0.504000 -0.315000 -0.226000 -0.873000 0
-3.847000 4.268000 -1.521000 -0.465000 -0.230000 1.067000 -0.020000 0.005000 -0.577000 -0.509000 7
-1.764000 0.888000 -1.001000 0.197000 0.300000 0.660000 0.159000 0.557000 -0.301000 -0.650000 2
-1.768000 0.786000 -1.468000 1.077000 -0.347000 1.704000 -0.171000 1.076000 -0.691000 -0.060000 2
-2.818000 3.685000 -1.413000 -0.558000 0.025000 0.871000 0.688000 -0.144000 -0.930000 0.282000 6
-3.824000 1.832000 1.093000 1.024000 -1.090000 0.560000 -0.336000 0.299000 0.126000 1.005000 8
-1.611000 0.831000 -0.056000 -0.048000 -0.044000 -0.423000 0.289000 -0.092000 -0.633000 0.221000 3
-4.386000 2.271000 -0.157000 1.536000 -0.614000 0.230000 0.570000 -0.117000 1.074000 0.397000 9
-2.855000 1.587000 -0.030000 0.202000 0.165000 0.445000 0.207000 -0.067000 -0.013000 -0.712000 5
-3.664000 1.119000 -0.459000 0.482000 0.082000 0.221000 0.185000 0.861000 -0.237000 -0.413000 10
-2.656000 1.263000 -0.527000 0.464000 -0.612000 0.668000 -0.160000 0.857000 -0.416000 -0.596000 5
-4.718000 3.281000 -0.203000 0.651000 -0.883000 1.413000 -0.663000 0.583000 0.237000 -0.307000 9
-3.108000 0.926000 -0.389000 0.249000 -0.461000 0.816000 -0.226000 0.818000 0.387000 0.303000 10
-3.693000 -0.568000 0.727000 1.236000 0.612000 1.502000 -0.804000 -0.763000 -0.346000 0.788000 0
-3.018000 3.014000 -1.486000 -0.105000 -0.131000 0.929000 0.226000 -0.463000 -0.555000 0.598000 4
-1.501000 1.611000 -1.003000 1.156000 -0.883000 0.901000 -0.169000 0.862000 -0.151000 0.164000 3
-4.074000 2.281000 0.152000 1.556000 -1.613000 -0.047000 0.222000 0.252000 0.775000 0.125000 7
-4.222000 3.886000 0.016000 -0.144000 -1.132000 -0.053000 0.519000 1.024000 0.075000 -0.226000 7
-2.434000 0.870000 0.127000 0.224000 -0.811000 0.666000 -0.233000 0.705000 0.408000 0.136000 10
-3.559000 2.126000 -0.445000 1.053000 -1.765000 0.349000 0.546000 0.321000 0.443000 -0.118000 6
-4.161000 2.937000 0.157000 0.336000 -0.968000 0.641000 0.088000 0.237000 0.565000 0.823000 8
-3.034000 -1.274000 0.263000 1.521000 0.660000 1.622000 -0.361000 -0.468000 -0.740000 0.517000 0
-5.058000 2.236000 1.381000 1.885000 -0.259000 -0.483000 -0.562000 0.123000 -0.063000 0.663000 0
-4.373000 2.463000 -0.171000 1.501000 -0.639000 0.292000 0.518000 -0.114000 1.127000 0.332000 9
-3.593000 0.290000 -0.782000 1.707000 -0.175000 1.662000 -0.137000 0.493000 -0.492000 -0.926000 0
-4.394000 1.162000 0.157000 0.608000 -0.409000 1.352000 -0.243000 0.758000 0.447000 0.096000 9
-4.048000 3.753000 -1.150000 -0.209000 -0.530000 0.871000 0.445000 0.716000 -0.131000 0.139000 7
-3.545000 1.926000 -0.512000 1.732000 -1.109000 1.006000 0.021000 0.820000 0.731000 -0.639000 8
-3.888000 3.085000 0.436000 0.142000 -1.526000 -0.052000 -0.503000 1.085000 0.511000 0.976000 7
-2.538000 2.351000 -1.029000 0.146000 -0.922000 0.201000 -0.058000 0.835000 -0.712000 -0.074000 5
